|0|60|1|0.016667|
|1|63|1.050000|0.017500|
|2|66|1.100000|0.018333|
|3|69|1.150000|0.019167|
|4|72|1.200000|0.020000|
|5|76|1.266667|0.021111|
|6|80|1.333333|0.022222|
|7|84|1.400000|0.023333|
|8|88|1.466667|0.024444|
|9|93|1.550000|0.025833|
|10|97|1.616667|0.026944|
|11|102|1.700000|0.028333|
|12|107|1.783333|0.029722|
|13|113|1.883333|0.031389|
|14|118|1.966667|0.032778|
|15|124|2.066667|0.034444|
|16|130|2.166667|0.036111|
|17|137|2.283333|0.038056|
|18|144|2.400000|0.040000|
|19|151|2.516667|0.041944|
|20|159|2.650000|0.044167|
|21|167|2.783333|0.046389|
|22|175|2.916667|0.048611|
|23|184|3.066667|0.051111|
|24|193|3.216667|0.053611|
|25|203|3.383333|0.056389|
|26|213|3.550000|0.059167|
|27|224|3.733333|0.062222|
|28|235|3.916667|0.065278|
|29|246|4.100000|0.068333|
|30|259|4.316667|0.071944|
|31|272|4.533333|0.075556|
|32|285|4.750000|0.079167|
|33|300|5|0.083333|
|34|315|5.250000|0.087500|
|35|330|5.500000|0.091667|
|36|347|5.783333|0.096389|
|37|364|6.066667|0.101111|
|38|383|6.383333|0.106389|
|39|402|6.700000|0.111667|
|40|422|7.033333|0.117222|
|41|443|7.383333|0.123056|
|42|465|7.750000|0.129167|
|43|488|8.133333|0.135556|
|44|513|8.550000|0.142500|
|45|539|8.983333|0.149722|
|46|566|9.433333|0.157222|
|47|594|9.900000|0.165000|
|48|624|10.400000|0.173333|
|49|655|10.916667|0.181944|
|50|688|11.466667|0.191111|
|51|722|12.033333|0.200556|
|52|758|12.633333|0.210556|
|53|796|13.266667|0.221111|
|54|836|13.933333|0.232222|
|55|878|14.633333|0.243889|
|56|922|15.366667|0.256111|
|57|968|16.133333|0.268889|
|58|1016|16.933333|0.282222|
|59|1067|17.783333|0.296389|
|60|1120|18.666667|0.311111|
|61|1176|19.600000|0.326667|
|62|1235|20.583333|0.343056|
|63|1297|21.616667|0.360278|
|64|1362|22.700000|0.378333|
|65|1430|23.833333|0.397222|
|66|1501|25.016667|0.416944|
|67|1577|26.283333|0.438056|
|68|1655|27.583333|0.459722|
|69|1738|28.966667|0.482778|
|70|1825|30.416667|0.506944|
|71|1916|31.933333|0.532222|
|72|2012|33.533333|0.558889|
|73|2113|35.216667|0.586944|
|74|2219|36.983333|0.616389|
|75|2329|38.816667|0.646944|
|76|2446|40.766667|0.679444|
|77|2568|42.800000|0.713333|
|78|2697|44.950000|0.749167|
|79|2832|47.200000|0.786667|
|80|2973|49.550000|0.825833|
|81|3122|52.033333|0.867222|
|82|3278|54.633333|0.910556|
|83|3442|57.366667|0.956111|
|84|3614|60.233333|1.003889|
|85|3795|63.250000|1.054167|
|86|3985|66.416667|1.106944|
|87|4184|69.733333|1.162222|
|88|4393|73.216667|1.220278|
|89|4613|76.883333|1.281389|
|90|4843|80.716667|1.345278|
|91|5086|84.766667|1.412778|
|92|5340|89|1.483333|
|93|5607|93.450000|1.557500|
|94|5887|98.116667|1.635278|
|95|6182|103.033333|1.717222|
|96|6491|108.183333|1.803056|
|97|6815|113.583333|1.893056|
|98|7156|119.266667|1.987778|
|99|7514|125.233333|2.087222|
|100|7890|131.500000|2.191667|
|101|8284|138.066667|2.301111|
|102|8698|144.966667|2.416111|
|103|9133|152.216667|2.536944|
|104|9590|159.833333|2.663889|
|105|10069|167.816667|2.796944|
|106|10573|176.216667|2.936944|
|107|11102|185.033333|3.083889|
|108|11657|194.283333|3.238056|
|109|12240|204|3.400000|
|110|12852|214.200000|3.570000|
|111|13494|224.900000|3.748333|
|112|14169|236.150000|3.935833|
|113|14400|240|4|
|114|14400|240|4|
|115|14400|240|4|
|116|14400|240|4|
|117|14400|240|4|
|118|14400|240|4|
|119|14400|240|4|
|120|14400|240|4|
|121|14400|240|4|
|122|14400|240|4|
|123|14400|240|4|
|124|14400|240|4|
|125|14400|240|4|
|126|14400|240|4|
|127|14400|240|4|
|128|14400|240|4|
|129|14400|240|4|
|130|14400|240|4|
|131|14400|240|4|
|132|14400|240|4|
|133|14400|240|4|
|134|14400|240|4|
|135|14400|240|4|
|136|14400|240|4|
|137|14400|240|4|
|138|14400|240|4|
|139|14400|240|4|
|140|14400|240|4|
|141|14400|240|4|
|142|14400|240|4|
|143|14400|240|4|
|144|14400|240|4|
|145|14400|240|4|
|146|14400|240|4|
|147|14400|240|4|
|148|14400|240|4|
|149|14400|240|4|
|150|14400|240|4|
|151|14400|240|4|
|152|14400|240|4|
|153|14400|240|4|
|154|14400|240|4|
|155|14400|240|4|
|156|14400|240|4|
|157|14400|240|4|
|158|14400|240|4|
|159|14400|240|4|
|160|14400|240|4|
|161|14400|240|4|
|162|14400|240|4|
|163|14400|240|4|
|164|14400|240|4|
|165|14400|240|4|
|166|14400|240|4|
|167|14400|240|4|
|168|14400|240|4|
|169|14400|240|4|
|170|14400|240|4|
|171|14400|240|4|
|172|14400|240|4|
|173|14400|240|4|
|174|14400|240|4|
|175|14400|240|4|
|176|14400|240|4|
|177|14400|240|4|
|178|14400|240|4|
|179|14400|240|4|
|180|14400|240|4|
|181|14400|240|4|
|182|14400|240|4|
|183|14400|240|4|
|184|14400|240|4|
|185|14400|240|4|
|186|14400|240|4|
|187|14400|240|4|
|188|14400|240|4|
|189|14400|240|4|
|190|14400|240|4|
|191|14400|240|4|
|192|14400|240|4|
|193|14400|240|4|
|194|14400|240|4|
|195|14400|240|4|
|196|14400|240|4|
|197|14400|240|4|
|198|14400|240|4|
|199|14400|240|4|
|200|14400|240|4|
|201|14400|240|4|
|202|14400|240|4|
|203|14400|240|4|
|204|14400|240|4|
|205|14400|240|4|
|206|14400|240|4|
|207|14400|240|4|
|208|14400|240|4|
|209|14400|240|4|
|210|14400|240|4|
|211|14400|240|4|
|212|14400|240|4|
|213|14400|240|4|
|214|14400|240|4|
|215|14400|240|4|
|216|14400|240|4|
|217|14400|240|4|
|218|14400|240|4|
|219|14400|240|4|
|220|14400|240|4|
|221|14400|240|4|
|222|14400|240|4|
|223|14400|240|4|
|224|14400|240|4|
|225|14400|240|4|
|226|14400|240|4|
|227|14400|240|4|
|228|14400|240|4|
|229|14400|240|4|
|230|14400|240|4|
|231|14400|240|4|
|232|14400|240|4|
|233|14400|240|4|
|234|14400|240|4|
|235|14400|240|4|
|236|14400|240|4|
|237|14400|240|4|
|238|14400|240|4|
|239|14400|240|4|
|240|14400|240|4|
|241|14400|240|4|
|242|14400|240|4|
|243|14400|240|4|
|244|14400|240|4|
|245|14400|240|4|
|246|14400|240|4|
|247|14400|240|4|
|248|14400|240|4|
|249|14400|240|4|
|250|14400|240|4|
|251|14400|240|4|
|252|14400|240|4|
|253|14400|240|4|
|254|14400|240|4|
|255|14400|240|4|
|256|14400|240|4|
|257|14400|240|4|
|258|14400|240|4|
|259|14400|240|4|
|260|14400|240|4|
|261|14400|240|4|
|262|14400|240|4|
|263|14400|240|4|
|264|14400|240|4|
|265|14400|240|4|
|266|14400|240|4|
|267|14400|240|4|
|268|14400|240|4|
|269|14400|240|4|
|270|14400|240|4|
|271|14400|240|4|
